# StartTime,9,10,11,12,13,14,15,16,17,18,19,20,21
# Court 1,1395,1396,1397,1398,1399,1400,1401,1402,1403,1404,1405,1406,1407
# Court 2,1667,1668,1669,1670,1671,1672,1673,1674,1675,1676,1677,1678,1679
# Court 3,1683,1684,1685,1686,1687,1688,1689,1690,1691,1692,1693,1694,1695
# Court 4,2154,2155,2156,2157,2158,2159,2160,2161,2162,2163,2164,2360,2166
# Court 5,2170,2171,2172,2173,2174,2175,2176,2177,2178,2179,2180,2181,2182
# Court 6,2186,2187,2188,2189,2190,2191,2192,2193,2194,2195,2196,2197,2198
# Court 7,2373,2374,2375,2376,2377,2378,2379,2380,,,,,
# Court 8,2218,2219,2220,2221,2222,2223,2224,2225,,,,,
# Court 9,2234,2235,2236,2237,2238,2239,2240,2241,,,,,
# Court 10,2250,2251,2252,2253,2254,2255,2256,2257,,,,,
